id,course_id,faculty_id,room_id,day_of_week,start_time,end_time,batch_ids,session_type,academic_term_id
ec9e5300-33ec-4bc5-81bc-e86474f4a531,bbefba6f-a13e-4f19-9b23-67c75ac687f3,8ca5e041-81af-4e01-9d56-765b71bb0fc4,2a8a89f5-63a5-450c-9063-d79429d82874,Wednesday,11:00,12:00,"187bc5d1-10f9-4a48-a3ca-2573725ceb3c,aaa340e2-20c6-4205-88a6-a535fcfcfcb0,b58160b9-f082-4821-ba13-6b64b0f10fc6,09b26c84-b2c1-45cf-8cba-a69cf72d7893,de5b0ccf-a595-44db-a23c-329f57e35e9f,91f8cf3b-adb3-4bb4-bab4-d76f5e5824de",theory,f21412d6-3c94-4f83-9bbf-46cb09c4c079
6df04119-4151-473b-b30f-cc5ad1d806e0,bbefba6f-a13e-4f19-9b23-67c75ac687f3,8ca5e041-81af-4e01-9d56-765b71bb0fc4,617c5b78-7145-4d04-991a-25eb22f100c0,Thursday,10:00,11:00,"187bc5d1-10f9-4a48-a3ca-2573725ceb3c,aaa340e2-20c6-4205-88a6-a535fcfcfcb0,b58160b9-f082-4821-ba13-6b64b0f10fc6,09b26c84-b2c1-45cf-8cba-a69cf72d7893,de5b0ccf-a595-44db-a23c-329f57e35e9f,91f8cf3b-adb3-4bb4-bab4-d76f5e5824de",theory,f21412d6-3c94-4f83-9bbf-46cb09c4c079
d9eb92e6-f78a-451e-9f59-ae4ac9ac3728,bbefba6f-a13e-4f19-9b23-67c75ac687f3,8ca5e041-81af-4e01-9d56-765b71bb0fc4,2a8a89f5-63a5-450c-9063-d79429d82874,Saturday,09:00,10:00,"187bc5d1-10f9-4a48-a3ca-2573725ceb3c,aaa340e2-20c6-4205-88a6-a535fcfcfcb0,b58160b9-f082-4821-ba13-6b64b0f10fc6,09b26c84-b2c1-45cf-8cba-a69cf72d7893,de5b0ccf-a595-44db-a23c-329f57e35e9f,91f8cf3b-adb3-4bb4-bab4-d76f5e5824de",theory,f21412d6-3c94-4f83-9bbf-46cb09c4c079
330a0742-c7ec-4a48-b555-8bff10028f92,0d5d4f29-eb37-4790-a415-90578c6ae8e0,4ad4ccc4-9ef5-4cfb-947a-e9cc2fa27ad0,2a8a89f5-63a5-450c-9063-d79429d82874,Wednesday,09:00,10:00,"187bc5d1-10f9-4a48-a3ca-2573725ceb3c,aaa340e2-20c6-4205-88a6-a535fcfcfcb0,b58160b9-f082-4821-ba13-6b64b0f10fc6,09b26c84-b2c1-45cf-8cba-a69cf72d7893,de5b0ccf-a595-44db-a23c-329f57e35e9f,91f8cf3b-adb3-4bb4-bab4-d76f5e5824de",theory,f21412d6-3c94-4f83-9bbf-46cb09c4c079
0b64096b-b17c-4417-b81b-e86896afb357,0d5d4f29-eb37-4790-a415-90578c6ae8e0,4ad4ccc4-9ef5-4cfb-947a-e9cc2fa27ad0,2a8a89f5-63a5-450c-9063-d79429d82874,Friday,17:00,18:00,"187bc5d1-10f9-4a48-a3ca-2573725ceb3c,aaa340e2-20c6-4205-88a6-a535fcfcfcb0,b58160b9-f082-4821-ba13-6b64b0f10fc6,09b26c84-b2c1-45cf-8cba-a69cf72d7893,de5b0ccf-a595-44db-a23c-329f57e35e9f,91f8cf3b-adb3-4bb4-bab4-d76f5e5824de",theory,f21412d6-3c94-4f83-9bbf-46cb09c4c079
34e20634-43d0-4881-b8ba-142c275bc935,0d5d4f29-eb37-4790-a415-90578c6ae8e0,4ad4ccc4-9ef5-4cfb-947a-e9cc2fa27ad0,e9838d09-c9f2-437f-af19-0f9362cc8cb2,Friday,08:00,09:00,"187bc5d1-10f9-4a48-a3ca-2573725ceb3c,aaa340e2-20c6-4205-88a6-a535fcfcfcb0,b58160b9-f082-4821-ba13-6b64b0f10fc6,09b26c84-b2c1-45cf-8cba-a69cf72d7893,de5b0ccf-a595-44db-a23c-329f57e35e9f,91f8cf3b-adb3-4bb4-bab4-d76f5e5824de",theory,f21412d6-3c94-4f83-9bbf-46cb09c4c079
7e2f08e6-ff1b-4e04-956c-183fc2259fed,3144d5f3-36e6-4385-bb87-e3cd1f4c51a7,0c23e817-cac7-432a-9a23-3c9fec2864c6,617c5b78-7145-4d04-991a-25eb22f100c0,Thursday,08:00,09:00,"187bc5d1-10f9-4a48-a3ca-2573725ceb3c,aaa340e2-20c6-4205-88a6-a535fcfcfcb0,b58160b9-f082-4821-ba13-6b64b0f10fc6,09b26c84-b2c1-45cf-8cba-a69cf72d7893,de5b0ccf-a595-44db-a23c-329f57e35e9f,91f8cf3b-adb3-4bb4-bab4-d76f5e5824de",theory,f21412d6-3c94-4f83-9bbf-46cb09c4c079
5fd0ab18-f440-47a4-bcc1-cafeeb636f27,3144d5f3-36e6-4385-bb87-e3cd1f4c51a7,0c23e817-cac7-432a-9a23-3c9fec2864c6,4e50049b-72fa-4aaa-b569-bf2ac844bf8d,Thursday,14:00,15:00,"187bc5d1-10f9-4a48-a3ca-2573725ceb3c,aaa340e2-20c6-4205-88a6-a535fcfcfcb0,b58160b9-f082-4821-ba13-6b64b0f10fc6,09b26c84-b2c1-45cf-8cba-a69cf72d7893,de5b0ccf-a595-44db-a23c-329f57e35e9f,91f8cf3b-adb3-4bb4-bab4-d76f5e5824de",theory,f21412d6-3c94-4f83-9bbf-46cb09c4c079
c42adeed-dc18-44bf-bb67-49288ca987b1,a7887873-39a5-4288-bae6-349e9d25d596,e006ef65-9189-4bc5-8f43-3a9a9dd98190,4e50049b-72fa-4aaa-b569-bf2ac844bf8d,Saturday,08:00,09:00,"187bc5d1-10f9-4a48-a3ca-2573725ceb3c,aaa340e2-20c6-4205-88a6-a535fcfcfcb0,b58160b9-f082-4821-ba13-6b64b0f10fc6,09b26c84-b2c1-45cf-8cba-a69cf72d7893,de5b0ccf-a595-44db-a23c-329f57e35e9f,91f8cf3b-adb3-4bb4-bab4-d76f5e5824de",theory,f21412d6-3c94-4f83-9bbf-46cb09c4c079
740b2963-4a19-41c0-b2f8-5aa05431b509,a7887873-39a5-4288-bae6-349e9d25d596,e006ef65-9189-4bc5-8f43-3a9a9dd98190,f1c15182-0ac0-4dfc-b74a-d49a424bca7d,Monday,14:00,15:00,"187bc5d1-10f9-4a48-a3ca-2573725ceb3c,aaa340e2-20c6-4205-88a6-a535fcfcfcb0,b58160b9-f082-4821-ba13-6b64b0f10fc6,09b26c84-b2c1-45cf-8cba-a69cf72d7893,de5b0ccf-a595-44db-a23c-329f57e35e9f,91f8cf3b-adb3-4bb4-bab4-d76f5e5824de",theory,f21412d6-3c94-4f83-9bbf-46cb09c4c079
4a7214b9-d077-4037-b7d8-4d606e0b93ce,35a6fb08-d06d-4d72-929f-603605ad0a04,8ca5e041-81af-4e01-9d56-765b71bb0fc4,f1c15182-0ac0-4dfc-b74a-d49a424bca7d,Saturday,14:00,15:00,"187bc5d1-10f9-4a48-a3ca-2573725ceb3c,aaa340e2-20c6-4205-88a6-a535fcfcfcb0,b58160b9-f082-4821-ba13-6b64b0f10fc6,09b26c84-b2c1-45cf-8cba-a69cf72d7893,de5b0ccf-a595-44db-a23c-329f57e35e9f,91f8cf3b-adb3-4bb4-bab4-d76f5e5824de",theory,f21412d6-3c94-4f83-9bbf-46cb09c4c079
ac92d826-2d93-4aa1-a695-3380ed9ca283,35a6fb08-d06d-4d72-929f-603605ad0a04,8ca5e041-81af-4e01-9d56-765b71bb0fc4,617c5b78-7145-4d04-991a-25eb22f100c0,Wednesday,10:00,11:00,"187bc5d1-10f9-4a48-a3ca-2573725ceb3c,aaa340e2-20c6-4205-88a6-a535fcfcfcb0,b58160b9-f082-4821-ba13-6b64b0f10fc6,09b26c84-b2c1-45cf-8cba-a69cf72d7893,de5b0ccf-a595-44db-a23c-329f57e35e9f,91f8cf3b-adb3-4bb4-bab4-d76f5e5824de",theory,f21412d6-3c94-4f83-9bbf-46cb09c4c079
fccef9eb-8c6e-4e50-abe9-91791345c518,b20e386c-6e86-4736-9f78-01b8c0d32901,4ad4ccc4-9ef5-4cfb-947a-e9cc2fa27ad0,e3710898-2820-4f90-a585-857d0a076bc2,Thursday,16:00,17:00,"187bc5d1-10f9-4a48-a3ca-2573725ceb3c,aaa340e2-20c6-4205-88a6-a535fcfcfcb0,b58160b9-f082-4821-ba13-6b64b0f10fc6,09b26c84-b2c1-45cf-8cba-a69cf72d7893,de5b0ccf-a595-44db-a23c-329f57e35e9f,91f8cf3b-adb3-4bb4-bab4-d76f5e5824de",lab,f21412d6-3c94-4f83-9bbf-46cb09c4c079
61fbb500-f85e-49d2-b152-a50928d2615c,b20e386c-6e86-4736-9f78-01b8c0d32901,4ad4ccc4-9ef5-4cfb-947a-e9cc2fa27ad0,359203f8-af0b-46b9-972e-f423c05621a4,Tuesday,10:00,11:00,"187bc5d1-10f9-4a48-a3ca-2573725ceb3c,aaa340e2-20c6-4205-88a6-a535fcfcfcb0,b58160b9-f082-4821-ba13-6b64b0f10fc6,09b26c84-b2c1-45cf-8cba-a69cf72d7893,de5b0ccf-a595-44db-a23c-329f57e35e9f,91f8cf3b-adb3-4bb4-bab4-d76f5e5824de",lab,f21412d6-3c94-4f83-9bbf-46cb09c4c079
b4eb1340-a331-442c-a47c-9ea11c7dc250,fe5c7118-b600-4fe7-af39-6d88e82c6ff5,0c23e817-cac7-432a-9a23-3c9fec2864c6,359203f8-af0b-46b9-972e-f423c05621a4,Saturday,16:00,17:00,"187bc5d1-10f9-4a48-a3ca-2573725ceb3c,aaa340e2-20c6-4205-88a6-a535fcfcfcb0,b58160b9-f082-4821-ba13-6b64b0f10fc6,09b26c84-b2c1-45cf-8cba-a69cf72d7893,de5b0ccf-a595-44db-a23c-329f57e35e9f,91f8cf3b-adb3-4bb4-bab4-d76f5e5824de",lab,f21412d6-3c94-4f83-9bbf-46cb09c4c079
df519bc8-781c-4a8a-8712-c050bb2a6606,fe5c7118-b600-4fe7-af39-6d88e82c6ff5,0c23e817-cac7-432a-9a23-3c9fec2864c6,903d6b56-918f-49bb-bd54-4c90b3e30189,Tuesday,08:00,09:00,"187bc5d1-10f9-4a48-a3ca-2573725ceb3c,aaa340e2-20c6-4205-88a6-a535fcfcfcb0,b58160b9-f082-4821-ba13-6b64b0f10fc6,09b26c84-b2c1-45cf-8cba-a69cf72d7893,de5b0ccf-a595-44db-a23c-329f57e35e9f,91f8cf3b-adb3-4bb4-bab4-d76f5e5824de",lab,f21412d6-3c94-4f83-9bbf-46cb09c4c079
b388193b-a7e4-49ff-a60f-18e97093ba9d,9c686095-d2fd-4028-b8f2-82ecbe930630,0c23e817-cac7-432a-9a23-3c9fec2864c6,903d6b56-918f-49bb-bd54-4c90b3e30189,Wednesday,17:00,18:00,"187bc5d1-10f9-4a48-a3ca-2573725ceb3c,aaa340e2-20c6-4205-88a6-a535fcfcfcb0,b58160b9-f082-4821-ba13-6b64b0f10fc6,09b26c84-b2c1-45cf-8cba-a69cf72d7893,de5b0ccf-a595-44db-a23c-329f57e35e9f,91f8cf3b-adb3-4bb4-bab4-d76f5e5824de",lab,f21412d6-3c94-4f83-9bbf-46cb09c4c079
4a5caca4-7f81-4056-a447-a3360de02352,9c686095-d2fd-4028-b8f2-82ecbe930630,0c23e817-cac7-432a-9a23-3c9fec2864c6,903d6b56-918f-49bb-bd54-4c90b3e30189,Friday,16:00,17:00,"187bc5d1-10f9-4a48-a3ca-2573725ceb3c,aaa340e2-20c6-4205-88a6-a535fcfcfcb0,b58160b9-f082-4821-ba13-6b64b0f10fc6,09b26c84-b2c1-45cf-8cba-a69cf72d7893,de5b0ccf-a595-44db-a23c-329f57e35e9f,91f8cf3b-adb3-4bb4-bab4-d76f5e5824de",lab,f21412d6-3c94-4f83-9bbf-46cb09c4c079
2f38be23-bc88-4a16-94b9-78af126905db,1305b350-9439-4b02-a606-50bd6806bc03,25aa53d1-6735-455f-99de-e888499ffe49,4e50049b-72fa-4aaa-b569-bf2ac844bf8d,Monday,11:00,12:00,"8fe958eb-8377-4fd7-ac0e-65ab86352d4d,64fcba0c-ae35-4631-ae89-ddbb61123d55",theory,f21412d6-3c94-4f83-9bbf-46cb09c4c079
75d06c97-6966-4d3e-86d7-a6af972c871a,1305b350-9439-4b02-a606-50bd6806bc03,25aa53d1-6735-455f-99de-e888499ffe49,617c5b78-7145-4d04-991a-25eb22f100c0,Wednesday,08:00,09:00,"8fe958eb-8377-4fd7-ac0e-65ab86352d4d,64fcba0c-ae35-4631-ae89-ddbb61123d55",theory,f21412d6-3c94-4f83-9bbf-46cb09c4c079
8f6798ad-ccde-4e4c-a8d5-d500a1d38d28,1305b350-9439-4b02-a606-50bd6806bc03,25aa53d1-6735-455f-99de-e888499ffe49,8d182a97-16c9-4506-a374-c633eec095bc,Wednesday,13:00,14:00,"8fe958eb-8377-4fd7-ac0e-65ab86352d4d,64fcba0c-ae35-4631-ae89-ddbb61123d55",theory,f21412d6-3c94-4f83-9bbf-46cb09c4c079
526d6672-2a17-478b-8484-b1f82d27c985,aaeddd56-330d-4c56-90a6-1d6b9db8519f,cb5392df-e15c-4b61-92a2-eb6f5efe7b93,e9838d09-c9f2-437f-af19-0f9362cc8cb2,Wednesday,15:00,16:00,"8fe958eb-8377-4fd7-ac0e-65ab86352d4d,64fcba0c-ae35-4631-ae89-ddbb61123d55",theory,f21412d6-3c94-4f83-9bbf-46cb09c4c079
898dae88-4630-4424-800e-ad98e38f3bb7,aaeddd56-330d-4c56-90a6-1d6b9db8519f,cb5392df-e15c-4b61-92a2-eb6f5efe7b93,e9838d09-c9f2-437f-af19-0f9362cc8cb2,Saturday,16:00,17:00,"8fe958eb-8377-4fd7-ac0e-65ab86352d4d,64fcba0c-ae35-4631-ae89-ddbb61123d55",theory,f21412d6-3c94-4f83-9bbf-46cb09c4c079
e7398bb3-df05-432a-8edf-97f5c55280b7,92af6b68-32f8-425c-9597-b4ee0394714c,27223919-f26f-4439-a5e9-a445c82fdd6e,e9838d09-c9f2-437f-af19-0f9362cc8cb2,Wednesday,10:00,11:00,"8fe958eb-8377-4fd7-ac0e-65ab86352d4d,64fcba0c-ae35-4631-ae89-ddbb61123d55",theory,f21412d6-3c94-4f83-9bbf-46cb09c4c079
d24aca38-2a9e-48e2-9b30-c7ff5c39e499,92af6b68-32f8-425c-9597-b4ee0394714c,27223919-f26f-4439-a5e9-a445c82fdd6e,8d182a97-16c9-4506-a374-c633eec095bc,Friday,13:00,14:00,"8fe958eb-8377-4fd7-ac0e-65ab86352d4d,64fcba0c-ae35-4631-ae89-ddbb61123d55",theory,f21412d6-3c94-4f83-9bbf-46cb09c4c079
b1ba7f09-b023-49ea-9dca-668f1632d573,22c62f7c-4a5e-4de6-9363-a1365e5249f0,27223919-f26f-4439-a5e9-a445c82fdd6e,8d182a97-16c9-4506-a374-c633eec095bc,Saturday,15:00,16:00,"8fe958eb-8377-4fd7-ac0e-65ab86352d4d,64fcba0c-ae35-4631-ae89-ddbb61123d55",theory,f21412d6-3c94-4f83-9bbf-46cb09c4c079
32f7c3f6-689d-4f4a-b2bb-ffad810dd2a5,22c62f7c-4a5e-4de6-9363-a1365e5249f0,27223919-f26f-4439-a5e9-a445c82fdd6e,2a8a89f5-63a5-450c-9063-d79429d82874,Thursday,10:00,11:00,"8fe958eb-8377-4fd7-ac0e-65ab86352d4d,64fcba0c-ae35-4631-ae89-ddbb61123d55",theory,f21412d6-3c94-4f83-9bbf-46cb09c4c079
f152ec07-7601-4643-a1fe-8de9fe2dae90,49ac3e65-cec9-4bbc-b132-57b4bf86afb1,d045dd5e-b0f6-4f92-b513-78d9f25f09d1,359203f8-af0b-46b9-972e-f423c05621a4,Wednesday,14:00,15:00,"8fe958eb-8377-4fd7-ac0e-65ab86352d4d,64fcba0c-ae35-4631-ae89-ddbb61123d55",lab,f21412d6-3c94-4f83-9bbf-46cb09c4c079
d941a4d4-d326-4e47-8fbe-3fd5ff8126d0,49ac3e65-cec9-4bbc-b132-57b4bf86afb1,d045dd5e-b0f6-4f92-b513-78d9f25f09d1,e3710898-2820-4f90-a585-857d0a076bc2,Monday,14:00,15:00,"8fe958eb-8377-4fd7-ac0e-65ab86352d4d,64fcba0c-ae35-4631-ae89-ddbb61123d55",lab,f21412d6-3c94-4f83-9bbf-46cb09c4c079
0ff0cb39-b4b6-4c92-8385-14927985cfdb,2b665856-ce4b-4af5-bdc4-c1478e4485b6,bced22bf-ba4e-4125-a428-243d3377d88c,359203f8-af0b-46b9-972e-f423c05621a4,Friday,15:00,16:00,"8fe958eb-8377-4fd7-ac0e-65ab86352d4d,64fcba0c-ae35-4631-ae89-ddbb61123d55",lab,f21412d6-3c94-4f83-9bbf-46cb09c4c079
44b8f4d5-9dce-47e3-bb30-350c22606457,2b665856-ce4b-4af5-bdc4-c1478e4485b6,bced22bf-ba4e-4125-a428-243d3377d88c,e3710898-2820-4f90-a585-857d0a076bc2,Thursday,08:00,09:00,"8fe958eb-8377-4fd7-ac0e-65ab86352d4d,64fcba0c-ae35-4631-ae89-ddbb61123d55",lab,f21412d6-3c94-4f83-9bbf-46cb09c4c079
0c6a5bb2-1944-410b-a5ec-dd1773a2b732,970c9376-f1e2-45f4-ba24-4bf06a54573b,50374df3-e305-41dd-917c-b0924564ef93,4e50049b-72fa-4aaa-b569-bf2ac844bf8d,Wednesday,15:00,16:00,"ad14d021-9a40-488b-a194-2f250d466d46,b4b60cde-1c38-47c3-831b-b0e70971db11",theory,f21412d6-3c94-4f83-9bbf-46cb09c4c079
0be4b33d-9651-40f6-b4b6-908c274ec6c3,970c9376-f1e2-45f4-ba24-4bf06a54573b,50374df3-e305-41dd-917c-b0924564ef93,8d182a97-16c9-4506-a374-c633eec095bc,Saturday,08:00,09:00,"ad14d021-9a40-488b-a194-2f250d466d46,b4b60cde-1c38-47c3-831b-b0e70971db11",theory,f21412d6-3c94-4f83-9bbf-46cb09c4c079
24f8c434-01ce-4f90-8bd5-b794e075df68,970c9376-f1e2-45f4-ba24-4bf06a54573b,50374df3-e305-41dd-917c-b0924564ef93,4e50049b-72fa-4aaa-b569-bf2ac844bf8d,Saturday,15:00,16:00,"ad14d021-9a40-488b-a194-2f250d466d46,b4b60cde-1c38-47c3-831b-b0e70971db11",theory,f21412d6-3c94-4f83-9bbf-46cb09c4c079
15ee43ed-5343-41a1-9d58-7722b0321c22,9285a734-6dff-4da5-a494-9ab2894161ed,26fff510-1194-4611-b470-6987c2218c97,8d182a97-16c9-4506-a374-c633eec095bc,Friday,10:00,11:00,"ad14d021-9a40-488b-a194-2f250d466d46,b4b60cde-1c38-47c3-831b-b0e70971db11",theory,f21412d6-3c94-4f83-9bbf-46cb09c4c079
04dc4581-1333-49b8-b4d7-fa30d80fb974,9285a734-6dff-4da5-a494-9ab2894161ed,26fff510-1194-4611-b470-6987c2218c97,8d182a97-16c9-4506-a374-c633eec095bc,Tuesday,16:00,17:00,"ad14d021-9a40-488b-a194-2f250d466d46,b4b60cde-1c38-47c3-831b-b0e70971db11",theory,f21412d6-3c94-4f83-9bbf-46cb09c4c079
e695620a-1e39-41cf-bafd-46d30e1a3f95,9285a734-6dff-4da5-a494-9ab2894161ed,26fff510-1194-4611-b470-6987c2218c97,f1c15182-0ac0-4dfc-b74a-d49a424bca7d,Tuesday,09:00,10:00,"ad14d021-9a40-488b-a194-2f250d466d46,b4b60cde-1c38-47c3-831b-b0e70971db11",theory,f21412d6-3c94-4f83-9bbf-46cb09c4c079
7862df23-b2c8-465a-816d-896ea8c1f8db,18c6b762-04f8-4910-b60a-e7f949b65ee9,50374df3-e305-41dd-917c-b0924564ef93,4e50049b-72fa-4aaa-b569-bf2ac844bf8d,Saturday,14:00,15:00,"ad14d021-9a40-488b-a194-2f250d466d46,b4b60cde-1c38-47c3-831b-b0e70971db11",theory,f21412d6-3c94-4f83-9bbf-46cb09c4c079
e1d682e7-c950-4d7e-b7aa-36d7f8b4c972,18c6b762-04f8-4910-b60a-e7f949b65ee9,50374df3-e305-41dd-917c-b0924564ef93,2a8a89f5-63a5-450c-9063-d79429d82874,Thursday,08:00,09:00,"ad14d021-9a40-488b-a194-2f250d466d46,b4b60cde-1c38-47c3-831b-b0e70971db11",theory,f21412d6-3c94-4f83-9bbf-46cb09c4c079
b982589e-1e8b-4e7d-8709-0a56cb33157f,c28ce28d-ea17-4b9c-98c7-6842a81c2515,50374df3-e305-41dd-917c-b0924564ef93,8d182a97-16c9-4506-a374-c633eec095bc,Wednesday,16:00,17:00,"ad14d021-9a40-488b-a194-2f250d466d46,b4b60cde-1c38-47c3-831b-b0e70971db11",theory,f21412d6-3c94-4f83-9bbf-46cb09c4c079
c80bf6c5-fe28-40d8-9b58-4085d04aa2f1,c28ce28d-ea17-4b9c-98c7-6842a81c2515,50374df3-e305-41dd-917c-b0924564ef93,f1c15182-0ac0-4dfc-b74a-d49a424bca7d,Saturday,13:00,14:00,"ad14d021-9a40-488b-a194-2f250d466d46,b4b60cde-1c38-47c3-831b-b0e70971db11",theory,f21412d6-3c94-4f83-9bbf-46cb09c4c079
e4aedd38-bcda-4ba8-871d-fd2a04f5fa0d,8ad61494-ba9f-496f-9d0d-ac13cf8768eb,f5d822d6-b5e4-477a-97d6-6d8064dd1646,633140b4-f170-4e6a-8361-d6fef177a0a1,Monday,08:00,09:00,"ad14d021-9a40-488b-a194-2f250d466d46,b4b60cde-1c38-47c3-831b-b0e70971db11",lab,f21412d6-3c94-4f83-9bbf-46cb09c4c079
d7955b13-4656-43e1-b633-4ee114b3c7eb,8ad61494-ba9f-496f-9d0d-ac13cf8768eb,f5d822d6-b5e4-477a-97d6-6d8064dd1646,a4f95af0-73a2-47bd-a292-a6638eb9f98b,Thursday,17:00,18:00,"ad14d021-9a40-488b-a194-2f250d466d46,b4b60cde-1c38-47c3-831b-b0e70971db11",lab,f21412d6-3c94-4f83-9bbf-46cb09c4c079
0352d522-b97e-468a-9435-7f89480c403a,a829f4b0-42cc-4c49-9db1-7d4153968a6e,c9da8a78-1fc7-4449-8856-fafab1d1cd4d,633140b4-f170-4e6a-8361-d6fef177a0a1,Wednesday,13:00,14:00,"ad14d021-9a40-488b-a194-2f250d466d46,b4b60cde-1c38-47c3-831b-b0e70971db11",lab,f21412d6-3c94-4f83-9bbf-46cb09c4c079
769b8cf7-e777-4f01-b594-9853b27ba7f5,a829f4b0-42cc-4c49-9db1-7d4153968a6e,c9da8a78-1fc7-4449-8856-fafab1d1cd4d,633140b4-f170-4e6a-8361-d6fef177a0a1,Thursday,11:00,12:00,"ad14d021-9a40-488b-a194-2f250d466d46,b4b60cde-1c38-47c3-831b-b0e70971db11",lab,f21412d6-3c94-4f83-9bbf-46cb09c4c079
535ab865-ceb3-4a64-9e43-f0edf65759ce,77f9f140-b2c9-46c6-9e37-e344dac1ab00,c92ea542-a7ff-4fd3-a8c4-e7d9a7d5c714,f1c15182-0ac0-4dfc-b74a-d49a424bca7d,Wednesday,16:00,17:00,"5047d652-ab6b-4572-a5eb-2db5d56fb78a,c343d459-c8a4-4db2-829f-9e9030bec4b8",theory,f21412d6-3c94-4f83-9bbf-46cb09c4c079
ca917b3b-bdc2-4be0-bdbb-6ab1ffaef714,77f9f140-b2c9-46c6-9e37-e344dac1ab00,c92ea542-a7ff-4fd3-a8c4-e7d9a7d5c714,8d182a97-16c9-4506-a374-c633eec095bc,Monday,10:00,11:00,"5047d652-ab6b-4572-a5eb-2db5d56fb78a,c343d459-c8a4-4db2-829f-9e9030bec4b8",theory,f21412d6-3c94-4f83-9bbf-46cb09c4c079
d12eace4-a4bc-45e3-b767-5b9469441a95,77f9f140-b2c9-46c6-9e37-e344dac1ab00,c92ea542-a7ff-4fd3-a8c4-e7d9a7d5c714,617c5b78-7145-4d04-991a-25eb22f100c0,Thursday,09:00,10:00,"5047d652-ab6b-4572-a5eb-2db5d56fb78a,c343d459-c8a4-4db2-829f-9e9030bec4b8",theory,f21412d6-3c94-4f83-9bbf-46cb09c4c079
fd2568bd-d44a-472c-9e88-55471828bc10,9fd0aaf5-5256-442e-a88d-b40949e753a3,8e55479e-71f3-4ebb-8d8c-894d3214e9ea,617c5b78-7145-4d04-991a-25eb22f100c0,Wednesday,14:00,15:00,"5047d652-ab6b-4572-a5eb-2db5d56fb78a,c343d459-c8a4-4db2-829f-9e9030bec4b8",theory,f21412d6-3c94-4f83-9bbf-46cb09c4c079
5be59952-43f8-488f-b0ec-975852506dfa,9fd0aaf5-5256-442e-a88d-b40949e753a3,8e55479e-71f3-4ebb-8d8c-894d3214e9ea,2a8a89f5-63a5-450c-9063-d79429d82874,Monday,17:00,18:00,"5047d652-ab6b-4572-a5eb-2db5d56fb78a,c343d459-c8a4-4db2-829f-9e9030bec4b8",theory,f21412d6-3c94-4f83-9bbf-46cb09c4c079
ac21eba1-9f75-4dbc-acff-e3ef5181478e,acad893f-fcdb-4c45-8e3b-3e474c1bce2e,6828322e-3d41-4c47-b16d-6b293d0e0d0f,f1c15182-0ac0-4dfc-b74a-d49a424bca7d,Wednesday,13:00,14:00,"5047d652-ab6b-4572-a5eb-2db5d56fb78a,c343d459-c8a4-4db2-829f-9e9030bec4b8",theory,f21412d6-3c94-4f83-9bbf-46cb09c4c079
8e41156a-d4b8-4ec5-a4ef-8fb3283d7f4d,acad893f-fcdb-4c45-8e3b-3e474c1bce2e,6828322e-3d41-4c47-b16d-6b293d0e0d0f,4e50049b-72fa-4aaa-b569-bf2ac844bf8d,Saturday,10:00,11:00,"5047d652-ab6b-4572-a5eb-2db5d56fb78a,c343d459-c8a4-4db2-829f-9e9030bec4b8",theory,f21412d6-3c94-4f83-9bbf-46cb09c4c079
28b72a4c-b3c2-47a5-b670-977a16ec1a8c,89f817c0-208d-4f84-a49b-b4211689b861,c50a5b2a-cc4b-4559-94fe-2abb5a4bbb50,8d182a97-16c9-4506-a374-c633eec095bc,Friday,11:00,12:00,"5047d652-ab6b-4572-a5eb-2db5d56fb78a,c343d459-c8a4-4db2-829f-9e9030bec4b8",theory,f21412d6-3c94-4f83-9bbf-46cb09c4c079
43a88fcc-fd2a-4437-9c85-e0a93c77bd1b,89f817c0-208d-4f84-a49b-b4211689b861,c50a5b2a-cc4b-4559-94fe-2abb5a4bbb50,f1c15182-0ac0-4dfc-b74a-d49a424bca7d,Tuesday,10:00,11:00,"5047d652-ab6b-4572-a5eb-2db5d56fb78a,c343d459-c8a4-4db2-829f-9e9030bec4b8",theory,f21412d6-3c94-4f83-9bbf-46cb09c4c079
2127b9fd-b6d3-4cfd-9057-c42b7cf5d470,45217d11-665c-4f78-8b01-a818507d8dc0,a196c47b-bc76-42be-971e-ff75d8def941,24127923-5b97-47ae-a059-072f9f58942c,Thursday,08:00,09:00,"5047d652-ab6b-4572-a5eb-2db5d56fb78a,c343d459-c8a4-4db2-829f-9e9030bec4b8",lab,f21412d6-3c94-4f83-9bbf-46cb09c4c079
39af72ef-c0f7-4ceb-b45e-a278444f8927,45217d11-665c-4f78-8b01-a818507d8dc0,a196c47b-bc76-42be-971e-ff75d8def941,24127923-5b97-47ae-a059-072f9f58942c,Friday,14:00,15:00,"5047d652-ab6b-4572-a5eb-2db5d56fb78a,c343d459-c8a4-4db2-829f-9e9030bec4b8",lab,f21412d6-3c94-4f83-9bbf-46cb09c4c079
3e9683d6-45a5-4f74-ada4-34165c58ddd1,37aa065e-5cac-49d5-b9f9-bb31cae5fd08,813d330d-d2b5-485e-bf9c-07445b084c00,a1f70e1d-59f2-4379-8927-b1a555699fec,Friday,10:00,11:00,"5047d652-ab6b-4572-a5eb-2db5d56fb78a,c343d459-c8a4-4db2-829f-9e9030bec4b8",lab,f21412d6-3c94-4f83-9bbf-46cb09c4c079
f6548f19-6e96-4df5-805f-5c002c8482fc,37aa065e-5cac-49d5-b9f9-bb31cae5fd08,813d330d-d2b5-485e-bf9c-07445b084c00,24127923-5b97-47ae-a059-072f9f58942c,Monday,09:00,10:00,"5047d652-ab6b-4572-a5eb-2db5d56fb78a,c343d459-c8a4-4db2-829f-9e9030bec4b8",lab,f21412d6-3c94-4f83-9bbf-46cb09c4c079
cfc58141-67a9-40e7-ab9d-cbd678774bdf,e46651dd-65ed-4cdc-9565-002ae8640adf,785491e8-9246-4184-a991-78947616942c,2a8a89f5-63a5-450c-9063-d79429d82874,Thursday,16:00,17:00,"b0ae6b39-8396-410d-bad7-fe59c09dc52f,02a24726-8c46-4f92-909a-d4939674bd9b",theory,f21412d6-3c94-4f83-9bbf-46cb09c4c079
362d7147-9e86-4700-ba1f-9ca0bd186ce8,e46651dd-65ed-4cdc-9565-002ae8640adf,785491e8-9246-4184-a991-78947616942c,2a8a89f5-63a5-450c-9063-d79429d82874,Thursday,15:00,16:00,"b0ae6b39-8396-410d-bad7-fe59c09dc52f,02a24726-8c46-4f92-909a-d4939674bd9b",theory,f21412d6-3c94-4f83-9bbf-46cb09c4c079
562468d3-e41f-4e99-b51d-11f2b5a4f08a,e46651dd-65ed-4cdc-9565-002ae8640adf,785491e8-9246-4184-a991-78947616942c,4e50049b-72fa-4aaa-b569-bf2ac844bf8d,Monday,10:00,11:00,"b0ae6b39-8396-410d-bad7-fe59c09dc52f,02a24726-8c46-4f92-909a-d4939674bd9b",theory,f21412d6-3c94-4f83-9bbf-46cb09c4c079
6c3180a1-0f6f-4f88-bca4-a00d3ec137cc,6476de36-d7b0-4b4f-935d-00aae9f4b7d4,4898a3da-3b9e-4cae-ad5b-d6b6ae7fa380,e9838d09-c9f2-437f-af19-0f9362cc8cb2,Saturday,09:00,10:00,"b0ae6b39-8396-410d-bad7-fe59c09dc52f,02a24726-8c46-4f92-909a-d4939674bd9b",theory,f21412d6-3c94-4f83-9bbf-46cb09c4c079
9f798e41-d62c-4600-9e95-c8ca677932c5,6476de36-d7b0-4b4f-935d-00aae9f4b7d4,4898a3da-3b9e-4cae-ad5b-d6b6ae7fa380,4e50049b-72fa-4aaa-b569-bf2ac844bf8d,Thursday,17:00,18:00,"b0ae6b39-8396-410d-bad7-fe59c09dc52f,02a24726-8c46-4f92-909a-d4939674bd9b",theory,f21412d6-3c94-4f83-9bbf-46cb09c4c079
9d8f64a7-d1cb-4fe3-9fb9-cc5db87c88a6,c9e56282-ecac-4d30-be81-09a270e15756,3c63ea82-3a06-4f68-ac5b-95afc72786e6,617c5b78-7145-4d04-991a-25eb22f100c0,Tuesday,17:00,18:00,"b0ae6b39-8396-410d-bad7-fe59c09dc52f,02a24726-8c46-4f92-909a-d4939674bd9b",theory,f21412d6-3c94-4f83-9bbf-46cb09c4c079
15c6472a-9a51-47c3-94ad-440bc050b224,c9e56282-ecac-4d30-be81-09a270e15756,3c63ea82-3a06-4f68-ac5b-95afc72786e6,f1c15182-0ac0-4dfc-b74a-d49a424bca7d,Friday,10:00,11:00,"b0ae6b39-8396-410d-bad7-fe59c09dc52f,02a24726-8c46-4f92-909a-d4939674bd9b",theory,f21412d6-3c94-4f83-9bbf-46cb09c4c079
9afa6919-1a27-473e-9365-d63036056b05,c9e56282-ecac-4d30-be81-09a270e15756,3c63ea82-3a06-4f68-ac5b-95afc72786e6,f1c15182-0ac0-4dfc-b74a-d49a424bca7d,Monday,17:00,18:00,"b0ae6b39-8396-410d-bad7-fe59c09dc52f,02a24726-8c46-4f92-909a-d4939674bd9b",theory,f21412d6-3c94-4f83-9bbf-46cb09c4c079
393f0d5e-bd3e-4022-94a9-29a39b798f94,1ae9d265-fe04-4a0a-bf81-0247fb625d5d,25aa53d1-6735-455f-99de-e888499ffe49,f1c15182-0ac0-4dfc-b74a-d49a424bca7d,Wednesday,10:00,11:00,"b0ae6b39-8396-410d-bad7-fe59c09dc52f,02a24726-8c46-4f92-909a-d4939674bd9b",theory,f21412d6-3c94-4f83-9bbf-46cb09c4c079
4f6caf0c-ccf6-4e42-bc00-a80fef9841d6,1ae9d265-fe04-4a0a-bf81-0247fb625d5d,25aa53d1-6735-455f-99de-e888499ffe49,4e50049b-72fa-4aaa-b569-bf2ac844bf8d,Wednesday,11:00,12:00,"b0ae6b39-8396-410d-bad7-fe59c09dc52f,02a24726-8c46-4f92-909a-d4939674bd9b",theory,f21412d6-3c94-4f83-9bbf-46cb09c4c079
7b913827-d362-449f-ac5f-97ef81e136e1,832154ee-fb50-4271-a816-fea952614b84,bced22bf-ba4e-4125-a428-243d3377d88c,359203f8-af0b-46b9-972e-f423c05621a4,Friday,13:00,14:00,"b0ae6b39-8396-410d-bad7-fe59c09dc52f,02a24726-8c46-4f92-909a-d4939674bd9b",lab,f21412d6-3c94-4f83-9bbf-46cb09c4c079
47b41279-83eb-469f-9989-b4dafeca83ea,832154ee-fb50-4271-a816-fea952614b84,bced22bf-ba4e-4125-a428-243d3377d88c,e3710898-2820-4f90-a585-857d0a076bc2,Saturday,13:00,14:00,"b0ae6b39-8396-410d-bad7-fe59c09dc52f,02a24726-8c46-4f92-909a-d4939674bd9b",lab,f21412d6-3c94-4f83-9bbf-46cb09c4c079
20efa998-723d-4fb5-bd85-7db7ca073aab,287c1e5c-8929-4044-81c2-22c4b85dcc72,1392216c-bef2-49fa-9175-615854342568,e3710898-2820-4f90-a585-857d0a076bc2,Friday,09:00,10:00,"b0ae6b39-8396-410d-bad7-fe59c09dc52f,02a24726-8c46-4f92-909a-d4939674bd9b",lab,f21412d6-3c94-4f83-9bbf-46cb09c4c079
be0ef780-7474-4b44-a62d-11c81db36ac4,287c1e5c-8929-4044-81c2-22c4b85dcc72,1392216c-bef2-49fa-9175-615854342568,e3710898-2820-4f90-a585-857d0a076bc2,Saturday,10:00,11:00,"b0ae6b39-8396-410d-bad7-fe59c09dc52f,02a24726-8c46-4f92-909a-d4939674bd9b",lab,f21412d6-3c94-4f83-9bbf-46cb09c4c079
31ac088d-625f-4cf0-8ac1-1f62b5546ae4,cbb47195-b2e0-4ed8-98de-16e41962950a,96024789-4deb-479c-beae-84fcd5d6e771,2a8a89f5-63a5-450c-9063-d79429d82874,Saturday,14:00,15:00,"f38c9e7f-1fcc-41b0-9251-f6aa97899002,c7d9416d-d4e9-4f43-b441-951bc4664ba0",theory,f21412d6-3c94-4f83-9bbf-46cb09c4c079
d4aa82cc-0122-4d4a-af69-40b0f7407a15,cbb47195-b2e0-4ed8-98de-16e41962950a,96024789-4deb-479c-beae-84fcd5d6e771,8d182a97-16c9-4506-a374-c633eec095bc,Monday,08:00,09:00,"f38c9e7f-1fcc-41b0-9251-f6aa97899002,c7d9416d-d4e9-4f43-b441-951bc4664ba0",theory,f21412d6-3c94-4f83-9bbf-46cb09c4c079
4c7a5e45-49a3-4767-8757-862e3a6825ea,cbb47195-b2e0-4ed8-98de-16e41962950a,96024789-4deb-479c-beae-84fcd5d6e771,617c5b78-7145-4d04-991a-25eb22f100c0,Monday,13:00,14:00,"f38c9e7f-1fcc-41b0-9251-f6aa97899002,c7d9416d-d4e9-4f43-b441-951bc4664ba0",theory,f21412d6-3c94-4f83-9bbf-46cb09c4c079
3c758730-1858-4a6d-95a2-a650012a9197,13b7643b-05db-4394-ba90-5a5444d01e6d,fb4e4162-5ad8-4461-82f4-06e860eb9730,2a8a89f5-63a5-450c-9063-d79429d82874,Tuesday,15:00,16:00,"f38c9e7f-1fcc-41b0-9251-f6aa97899002,c7d9416d-d4e9-4f43-b441-951bc4664ba0",theory,f21412d6-3c94-4f83-9bbf-46cb09c4c079
9bdb0609-41d0-4f49-90ff-ddcd9b75791e,13b7643b-05db-4394-ba90-5a5444d01e6d,fb4e4162-5ad8-4461-82f4-06e860eb9730,e9838d09-c9f2-437f-af19-0f9362cc8cb2,Saturday,08:00,09:00,"f38c9e7f-1fcc-41b0-9251-f6aa97899002,c7d9416d-d4e9-4f43-b441-951bc4664ba0",theory,f21412d6-3c94-4f83-9bbf-46cb09c4c079
a9158474-1f7f-451f-8aec-3ed5e6003544,0abcf5b3-297b-4e5f-9425-100283b5983f,c9da8a78-1fc7-4449-8856-fafab1d1cd4d,4e50049b-72fa-4aaa-b569-bf2ac844bf8d,Saturday,17:00,18:00,"f38c9e7f-1fcc-41b0-9251-f6aa97899002,c7d9416d-d4e9-4f43-b441-951bc4664ba0",theory,f21412d6-3c94-4f83-9bbf-46cb09c4c079
d7936e53-34ce-44bd-aa88-9ef9ccdc453a,0abcf5b3-297b-4e5f-9425-100283b5983f,c9da8a78-1fc7-4449-8856-fafab1d1cd4d,e9838d09-c9f2-437f-af19-0f9362cc8cb2,Saturday,13:00,14:00,"f38c9e7f-1fcc-41b0-9251-f6aa97899002,c7d9416d-d4e9-4f43-b441-951bc4664ba0",theory,f21412d6-3c94-4f83-9bbf-46cb09c4c079
e17fb011-61fb-4ce2-ad0d-06a8f5b434a0,0abcf5b3-297b-4e5f-9425-100283b5983f,c9da8a78-1fc7-4449-8856-fafab1d1cd4d,e9838d09-c9f2-437f-af19-0f9362cc8cb2,Monday,10:00,11:00,"f38c9e7f-1fcc-41b0-9251-f6aa97899002,c7d9416d-d4e9-4f43-b441-951bc4664ba0",theory,f21412d6-3c94-4f83-9bbf-46cb09c4c079
a0a376fe-5fee-41cf-801d-23e7778231ec,abcdceca-6fa9-41c8-8313-ae4e04f0b010,855660a6-d571-48d3-b244-7df0c797746b,e9838d09-c9f2-437f-af19-0f9362cc8cb2,Thursday,16:00,17:00,"f38c9e7f-1fcc-41b0-9251-f6aa97899002,c7d9416d-d4e9-4f43-b441-951bc4664ba0",theory,f21412d6-3c94-4f83-9bbf-46cb09c4c079
c42785b5-7df0-4089-ab1c-4a043a274b32,abcdceca-6fa9-41c8-8313-ae4e04f0b010,855660a6-d571-48d3-b244-7df0c797746b,2a8a89f5-63a5-450c-9063-d79429d82874,Tuesday,14:00,15:00,"f38c9e7f-1fcc-41b0-9251-f6aa97899002,c7d9416d-d4e9-4f43-b441-951bc4664ba0",theory,f21412d6-3c94-4f83-9bbf-46cb09c4c079
bd46c5ab-b57f-4c95-8bf0-46fb8b04cc20,c3a2ea15-7b7a-4bea-bd3f-b5ab604f1d8d,17f4499d-b39b-4bb7-add7-b289e2cf0eb7,0097e2bf-42b7-4415-9938-9f9f70c2d8a6,Wednesday,14:00,15:00,"f38c9e7f-1fcc-41b0-9251-f6aa97899002,c7d9416d-d4e9-4f43-b441-951bc4664ba0",lab,f21412d6-3c94-4f83-9bbf-46cb09c4c079
143d8047-6f40-419b-8a14-dbe62986ce83,c3a2ea15-7b7a-4bea-bd3f-b5ab604f1d8d,17f4499d-b39b-4bb7-add7-b289e2cf0eb7,0097e2bf-42b7-4415-9938-9f9f70c2d8a6,Friday,09:00,10:00,"f38c9e7f-1fcc-41b0-9251-f6aa97899002,c7d9416d-d4e9-4f43-b441-951bc4664ba0",lab,f21412d6-3c94-4f83-9bbf-46cb09c4c079
f4c92463-a247-4638-ac00-066e49ce0e7c,21e9ce33-6fb8-4813-8f9e-61686446766b,f5d822d6-b5e4-477a-97d6-6d8064dd1646,a4f95af0-73a2-47bd-a292-a6638eb9f98b,Tuesday,16:00,17:00,"f38c9e7f-1fcc-41b0-9251-f6aa97899002,c7d9416d-d4e9-4f43-b441-951bc4664ba0",lab,f21412d6-3c94-4f83-9bbf-46cb09c4c079
ea4660fb-6a10-491a-afbe-e540c855cc69,21e9ce33-6fb8-4813-8f9e-61686446766b,f5d822d6-b5e4-477a-97d6-6d8064dd1646,a4f95af0-73a2-47bd-a292-a6638eb9f98b,Wednesday,16:00,17:00,"f38c9e7f-1fcc-41b0-9251-f6aa97899002,c7d9416d-d4e9-4f43-b441-951bc4664ba0",lab,f21412d6-3c94-4f83-9bbf-46cb09c4c079
83bfc0d6-51ff-4151-b99c-866025f9ce3a,2bdd0411-1bd6-4aad-8208-cb7fbceb4d49,6a4aec24-1481-4fb9-91a9-ecc124727b0b,8d182a97-16c9-4506-a374-c633eec095bc,Tuesday,09:00,10:00,"738c3707-e7d6-4357-a068-e8eb8508d28f,a7ec8425-51ef-4e37-af92-fa9c229a30cc",theory,f21412d6-3c94-4f83-9bbf-46cb09c4c079
438da65a-ce27-469c-9a4b-2d116d235b47,2bdd0411-1bd6-4aad-8208-cb7fbceb4d49,6a4aec24-1481-4fb9-91a9-ecc124727b0b,2a8a89f5-63a5-450c-9063-d79429d82874,Wednesday,15:00,16:00,"738c3707-e7d6-4357-a068-e8eb8508d28f,a7ec8425-51ef-4e37-af92-fa9c229a30cc",theory,f21412d6-3c94-4f83-9bbf-46cb09c4c079
7af4a9cd-c5b5-430d-9a2c-651d955bc4f9,2bdd0411-1bd6-4aad-8208-cb7fbceb4d49,6a4aec24-1481-4fb9-91a9-ecc124727b0b,f1c15182-0ac0-4dfc-b74a-d49a424bca7d,Thursday,11:00,12:00,"738c3707-e7d6-4357-a068-e8eb8508d28f,a7ec8425-51ef-4e37-af92-fa9c229a30cc",theory,f21412d6-3c94-4f83-9bbf-46cb09c4c079
17d02e06-9772-46b7-93a5-0d577b4f685b,989a02bd-0a47-4bb9-a4ba-0ea735a59e04,c92ea542-a7ff-4fd3-a8c4-e7d9a7d5c714,f1c15182-0ac0-4dfc-b74a-d49a424bca7d,Wednesday,14:00,15:00,"738c3707-e7d6-4357-a068-e8eb8508d28f,a7ec8425-51ef-4e37-af92-fa9c229a30cc",theory,f21412d6-3c94-4f83-9bbf-46cb09c4c079
511d528e-3954-4e9f-ae76-7d19c1c675a8,989a02bd-0a47-4bb9-a4ba-0ea735a59e04,c92ea542-a7ff-4fd3-a8c4-e7d9a7d5c714,2a8a89f5-63a5-450c-9063-d79429d82874,Tuesday,16:00,17:00,"738c3707-e7d6-4357-a068-e8eb8508d28f,a7ec8425-51ef-4e37-af92-fa9c229a30cc",theory,f21412d6-3c94-4f83-9bbf-46cb09c4c079
97f5e02f-bd98-414d-8ef7-1c732d4e1ffa,2788d075-cfb3-4d24-becd-7948592f04d4,c92ea542-a7ff-4fd3-a8c4-e7d9a7d5c714,4e50049b-72fa-4aaa-b569-bf2ac844bf8d,Thursday,16:00,17:00,"738c3707-e7d6-4357-a068-e8eb8508d28f,a7ec8425-51ef-4e37-af92-fa9c229a30cc",theory,f21412d6-3c94-4f83-9bbf-46cb09c4c079
5fa30970-1248-4156-9591-5ffbccf18187,2788d075-cfb3-4d24-becd-7948592f04d4,c92ea542-a7ff-4fd3-a8c4-e7d9a7d5c714,8d182a97-16c9-4506-a374-c633eec095bc,Thursday,08:00,09:00,"738c3707-e7d6-4357-a068-e8eb8508d28f,a7ec8425-51ef-4e37-af92-fa9c229a30cc",theory,f21412d6-3c94-4f83-9bbf-46cb09c4c079
920b9f3d-4a10-43d7-818b-44147e6a4c12,2788d075-cfb3-4d24-becd-7948592f04d4,c92ea542-a7ff-4fd3-a8c4-e7d9a7d5c714,e9838d09-c9f2-437f-af19-0f9362cc8cb2,Thursday,17:00,18:00,"738c3707-e7d6-4357-a068-e8eb8508d28f,a7ec8425-51ef-4e37-af92-fa9c229a30cc",theory,f21412d6-3c94-4f83-9bbf-46cb09c4c079
b8ecfff0-2eca-4038-9ebe-d7255fb04c50,143be7f9-59e2-41a1-a592-53ae63ac157f,6a4aec24-1481-4fb9-91a9-ecc124727b0b,2a8a89f5-63a5-450c-9063-d79429d82874,Tuesday,11:00,12:00,"738c3707-e7d6-4357-a068-e8eb8508d28f,a7ec8425-51ef-4e37-af92-fa9c229a30cc",theory,f21412d6-3c94-4f83-9bbf-46cb09c4c079
bab7f6ad-fd3e-4b86-8968-abcc612aae47,143be7f9-59e2-41a1-a592-53ae63ac157f,6a4aec24-1481-4fb9-91a9-ecc124727b0b,8d182a97-16c9-4506-a374-c633eec095bc,Wednesday,08:00,09:00,"738c3707-e7d6-4357-a068-e8eb8508d28f,a7ec8425-51ef-4e37-af92-fa9c229a30cc",theory,f21412d6-3c94-4f83-9bbf-46cb09c4c079
3805d95e-4992-48f3-98d9-a3873def840f,696a5162-f00a-4df7-afb5-380dec3dce9b,a3adbf53-c62c-4321-9da2-e211f07195ed,a1f70e1d-59f2-4379-8927-b1a555699fec,Wednesday,16:00,17:00,"738c3707-e7d6-4357-a068-e8eb8508d28f,a7ec8425-51ef-4e37-af92-fa9c229a30cc",lab,f21412d6-3c94-4f83-9bbf-46cb09c4c079
52849ed6-bdcd-4f8b-a821-84df9f652730,696a5162-f00a-4df7-afb5-380dec3dce9b,a3adbf53-c62c-4321-9da2-e211f07195ed,24127923-5b97-47ae-a059-072f9f58942c,Saturday,16:00,17:00,"738c3707-e7d6-4357-a068-e8eb8508d28f,a7ec8425-51ef-4e37-af92-fa9c229a30cc",lab,f21412d6-3c94-4f83-9bbf-46cb09c4c079
eb38b282-f8d3-4fe1-8f5a-856528519582,fb8f53dc-c34c-4cba-8933-a9dec6609aab,813d330d-d2b5-485e-bf9c-07445b084c00,d6d2b66d-6552-41c4-84e7-534b9388be7b,Friday,08:00,09:00,"738c3707-e7d6-4357-a068-e8eb8508d28f,a7ec8425-51ef-4e37-af92-fa9c229a30cc",lab,f21412d6-3c94-4f83-9bbf-46cb09c4c079
792f5e3c-d459-4475-8301-1d66a9655347,fb8f53dc-c34c-4cba-8933-a9dec6609aab,813d330d-d2b5-485e-bf9c-07445b084c00,24127923-5b97-47ae-a059-072f9f58942c,Thursday,10:00,11:00,"738c3707-e7d6-4357-a068-e8eb8508d28f,a7ec8425-51ef-4e37-af92-fa9c229a30cc",lab,f21412d6-3c94-4f83-9bbf-46cb09c4c079
08e507b2-4a27-47f9-a3d1-711c057d838c,bb925c34-4707-4fc5-9eb9-71d74c0a04a4,d045dd5e-b0f6-4f92-b513-78d9f25f09d1,e9838d09-c9f2-437f-af19-0f9362cc8cb2,Saturday,14:00,15:00,748ccfa3-0427-4694-b09a-1212ab533d1f,theory,f21412d6-3c94-4f83-9bbf-46cb09c4c079
5f778572-ca0b-45ac-87ed-3c1584a9354a,bb925c34-4707-4fc5-9eb9-71d74c0a04a4,d045dd5e-b0f6-4f92-b513-78d9f25f09d1,e9838d09-c9f2-437f-af19-0f9362cc8cb2,Wednesday,08:00,09:00,748ccfa3-0427-4694-b09a-1212ab533d1f,theory,f21412d6-3c94-4f83-9bbf-46cb09c4c079
719a23a5-0055-45e3-b710-496aee8a82f4,cea91802-ac83-42ce-8e4d-140db6b66af4,4898a3da-3b9e-4cae-ad5b-d6b6ae7fa380,4e50049b-72fa-4aaa-b569-bf2ac844bf8d,Wednesday,17:00,18:00,748ccfa3-0427-4694-b09a-1212ab533d1f,theory,f21412d6-3c94-4f83-9bbf-46cb09c4c079
33a40bf9-e874-4e87-8ccb-ac6e6e07c000,cea91802-ac83-42ce-8e4d-140db6b66af4,4898a3da-3b9e-4cae-ad5b-d6b6ae7fa380,2a8a89f5-63a5-450c-9063-d79429d82874,Monday,15:00,16:00,748ccfa3-0427-4694-b09a-1212ab533d1f,theory,f21412d6-3c94-4f83-9bbf-46cb09c4c079
2b4cf70a-7519-4e19-b7ac-b54d36dda817,2b4f8980-8896-4e03-b2b5-cca0d597c196,785491e8-9246-4184-a991-78947616942c,f1c15182-0ac0-4dfc-b74a-d49a424bca7d,Friday,09:00,10:00,748ccfa3-0427-4694-b09a-1212ab533d1f,theory,f21412d6-3c94-4f83-9bbf-46cb09c4c079
ab6e564f-4dc1-439e-8eff-58fdbee76a2e,2b4f8980-8896-4e03-b2b5-cca0d597c196,785491e8-9246-4184-a991-78947616942c,2a8a89f5-63a5-450c-9063-d79429d82874,Friday,15:00,16:00,748ccfa3-0427-4694-b09a-1212ab533d1f,theory,f21412d6-3c94-4f83-9bbf-46cb09c4c079
e77d4dc1-47bc-4038-984e-5c504307633a,2b4f8980-8896-4e03-b2b5-cca0d597c196,785491e8-9246-4184-a991-78947616942c,e9838d09-c9f2-437f-af19-0f9362cc8cb2,Tuesday,14:00,15:00,748ccfa3-0427-4694-b09a-1212ab533d1f,theory,f21412d6-3c94-4f83-9bbf-46cb09c4c079
ca9a6a4f-5441-4423-91fd-f5575986e18f,97391a22-9f27-4000-8449-30e036f87fe3,855660a6-d571-48d3-b244-7df0c797746b,f1c15182-0ac0-4dfc-b74a-d49a424bca7d,Friday,16:00,17:00,27bcb7b3-654d-4791-8a69-b949c9e2b04d,theory,f21412d6-3c94-4f83-9bbf-46cb09c4c079
737da548-fe0a-4c75-89a1-a7c70d4c4b92,97391a22-9f27-4000-8449-30e036f87fe3,855660a6-d571-48d3-b244-7df0c797746b,f1c15182-0ac0-4dfc-b74a-d49a424bca7d,Friday,17:00,18:00,27bcb7b3-654d-4791-8a69-b949c9e2b04d,theory,f21412d6-3c94-4f83-9bbf-46cb09c4c079
22bd6cf9-7637-4dd9-830c-8d0758d0e96b,ed97d749-e8a2-4c20-a008-9e910f138abd,26fff510-1194-4611-b470-6987c2218c97,2a8a89f5-63a5-450c-9063-d79429d82874,Thursday,13:00,14:00,27bcb7b3-654d-4791-8a69-b949c9e2b04d,theory,f21412d6-3c94-4f83-9bbf-46cb09c4c079
c35f8b1b-6e54-4cb5-8dbe-8c29eeeb6f0b,ed97d749-e8a2-4c20-a008-9e910f138abd,26fff510-1194-4611-b470-6987c2218c97,2a8a89f5-63a5-450c-9063-d79429d82874,Wednesday,17:00,18:00,27bcb7b3-654d-4791-8a69-b949c9e2b04d,theory,f21412d6-3c94-4f83-9bbf-46cb09c4c079
493141a6-9180-4030-b181-269bbdfca756,1b64c335-c6cd-43e3-85fd-da590cd2f7a1,96024789-4deb-479c-beae-84fcd5d6e771,e9838d09-c9f2-437f-af19-0f9362cc8cb2,Friday,13:00,14:00,27bcb7b3-654d-4791-8a69-b949c9e2b04d,theory,f21412d6-3c94-4f83-9bbf-46cb09c4c079
f6793a87-fb73-4fba-8c11-1b25d6b857e5,1b64c335-c6cd-43e3-85fd-da590cd2f7a1,96024789-4deb-479c-beae-84fcd5d6e771,4e50049b-72fa-4aaa-b569-bf2ac844bf8d,Monday,14:00,15:00,27bcb7b3-654d-4791-8a69-b949c9e2b04d,theory,f21412d6-3c94-4f83-9bbf-46cb09c4c079
10506305-9816-4ddb-94fa-7e958330e575,1b64c335-c6cd-43e3-85fd-da590cd2f7a1,96024789-4deb-479c-beae-84fcd5d6e771,2a8a89f5-63a5-450c-9063-d79429d82874,Saturday,08:00,09:00,27bcb7b3-654d-4791-8a69-b949c9e2b04d,theory,f21412d6-3c94-4f83-9bbf-46cb09c4c079
dd4c83f9-b114-405f-99e3-5982049fed70,f1b5ca41-0845-496b-b249-c5b5da9cbee5,e72fb91f-332f-414f-b2ea-8de62c5f8637,617c5b78-7145-4d04-991a-25eb22f100c0,Thursday,13:00,14:00,f1443fd3-2d55-4189-8c46-67f6c0832497,theory,f21412d6-3c94-4f83-9bbf-46cb09c4c079
4e9573f4-4b95-4a39-ae79-fa6b261f3ca4,f1b5ca41-0845-496b-b249-c5b5da9cbee5,e72fb91f-332f-414f-b2ea-8de62c5f8637,617c5b78-7145-4d04-991a-25eb22f100c0,Friday,11:00,12:00,f1443fd3-2d55-4189-8c46-67f6c0832497,theory,f21412d6-3c94-4f83-9bbf-46cb09c4c079
6c3049e9-bf38-4a40-a4f5-4ab44c1a3fb5,26a72315-ab25-4c06-a824-86422046a902,8e55479e-71f3-4ebb-8d8c-894d3214e9ea,f1c15182-0ac0-4dfc-b74a-d49a424bca7d,Monday,16:00,17:00,f1443fd3-2d55-4189-8c46-67f6c0832497,theory,f21412d6-3c94-4f83-9bbf-46cb09c4c079
88ec4998-36d0-4e3b-ba11-5715aa35945d,26a72315-ab25-4c06-a824-86422046a902,8e55479e-71f3-4ebb-8d8c-894d3214e9ea,f1c15182-0ac0-4dfc-b74a-d49a424bca7d,Friday,15:00,16:00,f1443fd3-2d55-4189-8c46-67f6c0832497,theory,f21412d6-3c94-4f83-9bbf-46cb09c4c079
dddc9c0e-316b-4869-88c5-b6716ea0baa7,1d3aeb4c-fd67-482c-807e-8ed37e532037,a3adbf53-c62c-4321-9da2-e211f07195ed,8d182a97-16c9-4506-a374-c633eec095bc,Saturday,11:00,12:00,f1443fd3-2d55-4189-8c46-67f6c0832497,theory,f21412d6-3c94-4f83-9bbf-46cb09c4c079
15aa3036-2b6d-4155-bd9c-5736a24d120c,1d3aeb4c-fd67-482c-807e-8ed37e532037,a3adbf53-c62c-4321-9da2-e211f07195ed,e9838d09-c9f2-437f-af19-0f9362cc8cb2,Thursday,10:00,11:00,f1443fd3-2d55-4189-8c46-67f6c0832497,theory,f21412d6-3c94-4f83-9bbf-46cb09c4c079
65461540-1834-45cc-b2df-c9f5a00d92fa,1d3aeb4c-fd67-482c-807e-8ed37e532037,a3adbf53-c62c-4321-9da2-e211f07195ed,617c5b78-7145-4d04-991a-25eb22f100c0,Friday,16:00,17:00,f1443fd3-2d55-4189-8c46-67f6c0832497,theory,f21412d6-3c94-4f83-9bbf-46cb09c4c079
